world 256x160, 40 seed(s)

     pop     herb     omni     carn  species        H  plants%     born  starved   hunted      old   splits  extinct      gen  extinctAt      tps    immig  plagues maxShare%  noct/crep/diur     avgH  swimmers crossings     rain      fog  born/immig  deathAge%    edge%  plantsAvg%  minPopY2  refused
    1424     1409        7        8        8    1.135     15.1     3334     2235       74        0       33       42        9          0      181       11        4      81.3        5/7/1412    1.135         0         0       12       10      303.1       12.1     27.4       47.7         0        0
     176      166        0       10       12    2.340     15.1     1299     1457       40        0       75       78        7          0      253        9        8      39.8         166/9/1    2.340         0         1       10       10      144.3       14.8     48.9       25.8         0        0
     172       38       36       98        6    1.071     81.7      398      598        2        1       21       26        9          0      312        5        0      77.3        16/148/8    1.071       146         1       14        7       79.6       13.8     34.3       87.2         0        0
     117      106        3        8       28    2.019     94.2      234      563       26        0       59       54        6          0      330       17        0      40.2         4/45/68    2.019         6         1       14        8       13.8       11.0     61.5       95.7         0        0
     307      298        0        9       25    1.332     71.2      552      600       52        0       68       58        8          0      311        9        0      68.1        98/2/207    1.332       260         1       16       11       61.3        9.3     24.8       83.0         0        0
     382      349       13       20        8    1.252     13.6     2929     2525      366        1       33       38       15          0      187        7        4      54.5       16/82/284    1.252       178         1       15       13      418.4       12.7     46.3       29.4         0        0
     371      363        0        8        4    0.691     68.1     1176     1205       27        0       31       45       16          0      281       12        0      73.3         365/6/0    0.691       179         1       12        5       98.0        8.2     36.9       80.6         0        0
     114       98        0       16        7    1.387     18.5     4697     4829      140        0       53       59       11          0      166        7        6      42.1         0/109/5    1.387         9         1       18        8      671.0       13.5     34.2       23.3         0        0
     237      227        5        5        6    1.108     28.6     3194     3319       85        0       63       77       16          0      256       14        0      93.2        0/221/16    1.108       225         1       15       11      228.1        8.4     38.4       44.6         0        0
      40       23       11        6        9    2.157     97.2       67      476       55        0       31       49        4          0      385       21        0      25.0         10/7/23    2.157         4         1       17        8        3.2        9.9     70.0       97.9         0        0
     443      414       19       10       14    1.569     13.1     1626     1503      116        2       39       44       17          0      267       13        0      62.1        428/15/0    1.569       431         1       11       10      125.1       16.1     35.2       34.8         0        0
     236      228        0        8       11    1.904     76.9      462      637       26        0       38       46        8          0      337       13        0      34.7        6/90/140    1.904       101         1       14        5       35.5       11.0     38.6       86.5         0        0
     179      172        0        7        5    0.571     91.4      342      557       21        1       13       24       14          0      356       10        0      95.5         2/3/174    0.571         8         1       11        8       34.2       12.4     46.4       94.7         0        0
     182      160        9       13       12    2.167     86.4      430      540      179        0       63       74        6          0      352       17        0      45.6        162/20/0    2.167       128         1       13       11       25.3       10.3     68.1       93.1         0        0
     376      368        0        8        4    0.286     47.6     1379     1342       61        0       43       53       10          0      305        8        0      96.3         4/365/7    0.286       374         1       15        9      172.4        7.7     27.1       64.3         0        0
      62       52        1        9        4    0.433     90.7      293      629       26        0       22       35        8          0      360       11        0      83.9          60/2/0    0.433         4         1       15        7       26.6       10.6     79.0       92.7         0        0
     699      688        2        9       22    2.326     11.1     2152     1763       93        0       65       58       10          0      203        9        1      36.8       287/412/0    2.326        35         1       24        9      239.1       14.1     38.1       29.8         0        0
     150      139        5        6       18    2.432     80.3      389      607       63        0       48       48        7          0      341       12        0      29.3         0/0/150    2.432         8         1       10       11       32.4       10.8     42.0       87.3         0        0
     119       65       27       27        4    1.418     87.0      396      635       58        0       40       52        8          0      382       10        0      41.2        66/26/27    1.418        92         1       13       13       39.6        8.5     21.8       91.0         0        0
     700      312      380        8        5    0.764     17.5     2495     2075       99        0       54       69       11          0      217       14        4      75.6       1/533/166    0.764         1         1       17        4      178.2       12.2     40.4       43.6         0        0
     488      471       12        5        5    1.137     44.5     2221     2066       89        0       44       56       15          0      239       11        0      73.0        23/463/2    1.137        39         1       12        7      201.9       10.4     48.8       59.8         0        0
     583      574        1        8       28    2.359     31.0     1746     1399      203        1       72       63       13          0      234       13        0      30.5       187/396/0    2.359         6         1       16        8      134.3       16.1     42.7       46.7         0        0
     530      509       14        7        9    0.990     42.2     3276     3099       95        0       34       45       14          0      209       14        0      92.8        17/6/507    0.990        32         1       22       12      234.0       12.6     16.4       50.2         0        0
     162      153        5        4       10    2.118     89.1      267      542       26        0       45       57        6          0      352       16        0      48.8       127/15/20    2.118        82         1       12        8       16.7        9.2     29.0       93.4         0        0
     422      413        2        7        5    0.590     25.4     2517     2462       42        0       20       32       16          0      219       11        3      94.1        397/18/7    0.590         7         1       19       10      228.8       10.8     46.7       40.0         0        0
    1052     1020       16       16       12    1.933     35.5     3374     2286      398        0       88       86       12          0      164        4        0      50.7       926/126/0    1.933       474         1       13       10      843.5       10.2     55.6       52.1         0        0
     363      355        4        4        4    0.864     21.5     2848     2790       72        0       25       38       11          0      195       11        1      73.8       276/73/14    0.864       264         1       14        6      258.9       11.9     50.4       32.9         0        0
      80       71        2        7       19    2.303     90.2      229      497       82        0       55       54        9          0      362       12        0      26.3         51/2/27    2.303        11         1       14        5       19.1        9.2     61.3       93.6         0        0
     213      201        2       10       15    1.964     16.9     4724     4413      410        0       76       81       12          0      155       14       18      31.5         203/8/2    1.964         1         1       14       14      337.4        9.0     47.4       20.2         0        0
     365      353        4        8        3    0.176      9.2     4913     4546      322        0       48       54       16          0      174        3        5      97.8        43/315/7    0.176       355         1       11        5     1637.7       10.0     34.8        6.4         0        0
     168      164        0        4       18    1.828     78.3      603      837       12        0       40       38        8          0      316       10        0      30.4         4/160/4    1.828        73         1       18        9       60.3       13.7     26.2       83.7         0        0
     566      556        0       10       12    1.645     44.4     2380     2149      112        1       56       66       10          0      236       16        3      42.8       426/66/74    1.645       449         1       19       13      148.8        6.5     26.1       61.2         0        0
     135       81       50        4       18    2.172     77.0      596      813       55        0       53       50        9          0      364        9        0      23.7        47/38/50    2.172        39         1       16        9       66.2        9.6     37.8       82.4         0        0
     515      371        1      143       16    2.163     30.3     3662     3255      241        0      141      134       14          0      175        3        3      38.6       4/182/329    2.163        85         1       11        9     1220.7       11.8     33.6       41.1         0        0
     219      201       15        3        8    1.854     80.5      376      573       24        0       41       52       12          0      349       13        0      72.6         215/0/4    1.854       203         1       15       11       28.9        9.9     13.2       88.8         0        0
     307      274       25        8       12    0.568     20.4     1743     1838       38        0       40       47       15          0      250       13        0      93.5        0/10/297    0.568        18         1       14       11      134.1       14.5     35.5       35.5         0        0
     157      154        1        2       14    2.749     26.2     2219     2157      344        0       74       87        8          0      257       21       15      27.4         1/2/154    2.749         3         1       12        7      105.7       10.0     43.9       30.7         0        0
     113       92       13        8       47    3.441     85.6      168      550       17        0       68       49        5          0      376       22        0      12.4        31/61/21    3.441         1         1       12        7        7.6        7.0     66.4       90.9         0        0
     273       83      183        7       11    1.718     28.4     3107     3072      206        1       67       76       17          0      205       14        0      39.2        222/4/47    1.718       250         1       19        8      221.9       15.4     28.2       29.0         0        0
     236      205       23        8       14    1.518     80.8      699      822       38        0       49       49        8          0      314        8        0      48.7       39/62/135    1.518       123         1       14       10       87.4       10.2     39.0       86.5         0        0
---
mean pop 335.8  mean H 1.561  mean plants% 51.6  mean splits 50.7  mean gen 10.8  mean tps 273  survived: 40/40
mean immig 11.7  mean plagues 1.9  mean maxShare% 56.1  mean avgH 1.561
mean born/immig 223.08  mean deathAge% 11.1  mean edge% 41.1  mean plantsAvg% 61.5  mean refused 0.0  seeds with 0 refused: 40/40
