world 256x160, 40 seed(s)

     pop     herb     omni     carn  species        H  plants%     born  starved   hunted      old   splits  extinct      gen  extinctAt      tps    immig  plagues maxShare%  noct/crep/diur     avgH  swimmers crossings     rain      fog  born/immig  deathAge%    edge%  plantsAvg%  minPopY2  refused
      23       20        0        3        7    1.536    100.0       54      381      144      184       37       97        2          0      620       63        0      39.1          19/4/0    1.536         0         1       18       10        0.9       63.0    100.0       99.9         0        0
      28       19        2        7        8    1.703     99.9       49      493      141       65       41      100        2          0      623       63        0      28.6          0/6/22    1.703         1         1       15        8        0.8       47.0     96.4       99.6         0        0
      25       11        3       11        6    1.484    100.0       74      527      215       41       50      118        2          0      617       70        0      32.0         12/0/13    1.484        10         1        6       12        1.1       43.3    100.0       99.9         0        0
      37       19        7       11       12    1.745     99.9       34      474      128       97       30       88        2          0      614       66        0      21.6         6/13/18    1.745        24         1       12       11        0.5       53.3    100.0       99.7         0        0
      23       19        1        3        7    1.450     99.9       54      521      168       60       41      106        2          0      618       68        0      26.1          12/3/8    1.450        11         1       16        9        0.8       46.1    100.0       99.8         0        0
      24       14        6        4        9    1.444    100.0       18      496      154       61       12       75        2          0      619       68        0      33.3           6/9/9    1.444        13         1        8       11        0.3       42.6    100.0       99.8         0        0
      37       26        3        8        8    1.770     99.9       66      374      167      117       47      100        2          0      620       57        0      27.0         13/18/6    1.770        27         1       15        9        1.2       53.4    100.0       99.8         0        0
      24       12        1       11        6    1.519    100.0      101      496      183      124       63      130        2          0      625       69        0      41.7         11/2/11    1.519        15         1       14        9        1.5       50.1    100.0       99.8         0        0
      26       15        2        9        5    1.642     99.9       52      455      138       86       40       99        1          0      627       60        0      30.8          17/5/4    1.642        16         1       15        5        0.9       51.6    100.0       99.9         0        0
      30       18        5        7        9    1.647     99.9       49      396      172      145       38       98        2          0      634       65        0      23.3          6/2/22    1.647        14         1        6       18        0.8       53.9    100.0       99.9         0        0
      27       15        4        8        5    1.409    100.0       14      526      151       12       12       77        2          0      624       66        0      25.9          8/16/3    1.409        18         1       19       11        0.2       36.0    100.0       99.9         0        0
      36       23        2       11        8    1.672     99.9       33      478      145       43       26       84        2          0      617       62        0      22.2         25/10/1    1.672         1         1       17        8        0.5       41.9    100.0       99.8         0        0
      32       23        5        4       14    1.957     99.9      209      379      185      202      161      203        2          0      616       52        0      25.0          26/3/3    1.957        17         1       12        9        4.0       59.9     93.8       99.9         0        0
      33       23        0       10        9    1.842     99.9       89      281       93      278       60      108        2          0      616       53        0      24.2         0/15/18    1.842        11         1       14       12        1.7       74.6    100.0       99.9         0        0
      39       22        7       10        9    1.676     99.9       65      349       77      237       49      102        2          0      609       58        0      20.5        15/13/11    1.676        18         1       13        9        1.1       69.0    100.0       99.8         0        0
      27       14        8        5        6    1.511     99.9       30      561      116       28       24       88        2          0      617       66        0      29.6         3/14/10    1.511        20         1       13        3        0.5       40.1    100.0       99.8         0        0
      26       19        3        4        9    1.780     99.9       46      506       98      109       35       95        2          0      621       65        0      30.8         2/10/14    1.780        12         1        9       11        0.7       56.4    100.0       99.9         0        0
      22       18        1        3        6    1.629    100.0       57      425      109      155       38       96        2          0      623       60        0      45.5          0/6/16    1.629         1         1       16       10        0.9       60.3     95.5       99.9         0        0
      34       23        5        6        8    1.633     99.9       57      395      163      135       35       93        2          0      621       62        0      23.5         15/18/1    1.633        15         1       19        9        0.9       52.7     94.1       99.8         0        0
      83       74        0        9        4    1.022     99.7      293      371       56      213       48       80       15          0      589       32        0      68.7          8/1/74    1.022        74         1       16       10        9.2       66.1     41.0       96.0         0        0
      37       25        4        8       10    1.860     99.9       65      381      120      141       55      104        2          0      615       55        0      21.6          0/2/35    1.860        12         1       12        8        1.2       59.9     94.6       99.9         0        0
      30       21        1        8        7    1.709     99.9       46      279      133      217       28       80        3          0      621       55        0      26.7          4/8/18    1.709        10         1       19        4        0.8       63.4     96.7       99.7         0        0
      29       21        0        8        8    1.899     99.9       92      400      114      179       74      127        2          0      622       57        0      27.6          20/8/1    1.899         5         1       17        6        1.6       63.5     96.6       99.7         0        0
      27       20        2        5        6    1.823     99.9       54      459      125       81       39       95        2          0      624       58        0      29.6         11/12/4    1.823        18         1       11       10        0.9       45.9    100.0       99.9         0        0
      31       23        2        6       10    1.677     99.9       96      458      113      172       66      123        3          0      611       63        0      25.8         20/10/1    1.677         1         1       15       12        1.5       61.8     96.8       99.7         0        0
      33       14       11        8       10    1.695     99.9       43      377       98      117       29       74        2          0      613       51        0      24.2          0/6/27    1.695        24         1       11        6        0.8       56.2    100.0       99.9         0        0
      27       21        1        5       11    1.963     99.9       71      417      114       94       50       94        3          0      620       51        0      29.6          6/15/6    1.963         4         1        9        6        1.4       52.5    100.0       99.9         0        0
      29       16        6        7        8    1.665     99.9       29      431       96      111       21       75        2          0      614       58        0      27.6          7/5/17    1.665        18         1       13        8        0.5       53.6    100.0       99.8         0        0
      26       22        0        4       15    1.934     99.9      121      332       98      222       95      132        3          0      611       48        0      26.9          6/14/6    1.934         5         1       13        9        2.5       67.1    100.0       99.7         0        0
      35       23        3        9       10    1.745     99.9       46      382       87       92       35       76        2          0      612       47        0      22.9         14/4/17    1.745        25         1       12        6        1.0       52.4     94.3       99.8         0        0
      32       23        6        3        9    1.809     99.9       40      405      203       78       25       83        2          0      624       63        0      25.0          24/7/1    1.809        22         1       21        8        0.6       42.4    100.0       99.8         0        0
      41       28        3       10       11    1.815     99.9       61      479       88      107       48      101        2          0      621       60        0      24.4          3/7/31    1.815        36         1       19       11        1.0       54.1    100.0       99.8         0        0
      30       18        6        6        9    1.446     99.9       93      472      188      105       65      126        2          0      629       66        0      30.0          6/18/6    1.446         1         1       10        4        1.4       49.5    100.0       99.9         0        0
      29       21        6        2       10    1.874     99.9      109      348       88      146       75      110        2          0      622       41        0      27.6          3/2/24    1.874        24         1        9       10        2.7       63.7    100.0       99.8         0        0
      21       13        1        7        7    1.758    100.0       72      442      128      165       62      123        2          0      620       64        0      38.1          19/2/0    1.758         7         1       12        6        1.1       61.5     95.2       99.9         0        0
      36       21        8        7       12    1.792     99.9       54      585      117       33       35       95        2          0      617       68        0      22.2          21/7/8    1.792        21         1       16       10        0.8       42.5    100.0       99.9         0        0
      33       23        4        6        8    1.360     99.9       57      466      125       95       43      100        3          0      626       61        0      27.3         15/12/6    1.360         3         1       17        7        0.9       56.0    100.0       99.8         0        0
      27       15        1       11        6    1.261     99.9       54      524      189       64       37      107        3          0      636       72        0      29.6          7/16/4    1.261        18         1       21        8        0.8       38.1    100.0       99.9         0        0
      20       10        3        7        7    1.648     99.9       79      415      171       87       54      106        2          0      630       55        0      35.0          14/3/3    1.648         2         1       15        5        1.4       47.2    100.0       99.9         0        0
      35       22        3       10       13    1.912    100.0       88      380      143       72       72      109        2          0      609       46        0      22.9          24/2/9    1.912        18         1       13       10        1.9       49.1    100.0       99.9         0        0
---
mean pop 31.1  mean H 1.668  mean plants% 99.9  mean splits 47.4  mean gen 2.5  mean tps 619  survived: 40/40
mean immig 59.1  mean plagues 0.0  mean maxShare% 29.1  mean avgH 1.668
mean born/immig 1.33  mean deathAge% 53.6  mean edge% 97.4  mean plantsAvg% 99.7  mean refused 0.0  seeds with 0 refused: 40/40
