world 256x160, 40 seed(s)

     pop     herb     omni     carn  species        H  plants%     born  starved   hunted      old   splits  extinct      gen  extinctAt      tps    immig  plagues maxShare%  noct/crep/diur     avgH  swimmers crossings     rain      fog  born/immig  deathAge%    edge%  plantsAvg%  minPopY2  refused
     693      679        4       10       10    1.149     36.2     1150      678       72        1       65       74       11          0      255       15        0      66.1       380/305/8    1.149        13         1       17        8       76.7        9.3     26.6       69.5         0        0
     565      552        5        8        7    1.001     55.5     1189      906       26        0       16       30       10          0      250       17        1      84.6        1/491/73    1.001        25         1       12        9       69.9        8.0     41.1       73.2         0        0
     466      452        9        5        7    1.568     45.3     1509     1298       37        0       40       52       12          0      228       15        0      37.6       0/250/216    1.568       200         1       18       10      100.6       10.4     34.1       60.7         0        0
     156      146        5        5       12    2.320     88.9      264      425       49        0       48       64        7          0      297       24        0      63.5        132/9/15    2.320         1         1       13       13       11.0        9.0     25.0       94.0         0        0
     511      503        3        5        3    0.621     20.5     3837     3494       75        1       52       68       18          0      165       15        7      93.5       3/214/294    0.621       509         1       14        9      255.8       15.6     47.4       24.7         0        0
    1102     1091        1       10        4    0.096     54.7     2161     1299       59        0       29       45       14          0      234       16        2      99.0      10/73/1019    0.096      1098         1       12        7      135.1       11.7     29.0       78.2         0        0
     343       42      298        3       14    1.667     66.8      900      458      382        0       60       64       10          0      252       14        0      32.1         343/0/0    1.667         5         1       14       10       64.3       11.2     42.6       78.1         0        0
     357      354        0        3       13    2.245     10.6     4465     3804      431        0       93       91       12          0      180        7       19      33.1         352/1/4    2.245        82         1       12        9      637.9        7.2     36.7        8.3         0        0
     221      214        1        6        5    1.391     83.1      411      448       12        0       34       45        8          0      447       12        0      48.4        148/4/69    1.391       152         1       19        8       34.3       11.3     37.6       91.2         0        0
     232      101      127        4        6    0.971     71.0      430      485       14        1       12       26       11          0      438       16        0      63.8        0/150/82    0.971       150         1       11       10       26.9       12.0     25.9       81.8         0        0
     284      269        7        8       12    1.950     27.7     2073     1858      208        0       63       68        9          0      282       13        0      44.4        4/187/93    1.950         3         1       16       10      159.5        8.2     45.1       31.7         0        0
     229       57      151       21       24    2.670     71.0      349      416       21        0       35       33        6          0      437       18        0      17.5        199/30/0    2.670        19         1       15        4       19.4        8.9     27.1       82.4         0        0
     360      347        7        6        9    0.518     10.9     6084     4303     1057        0       75       78       16          0      209        8        4      92.5        345/11/4    0.518       346         1       16        7      760.5        9.2     39.2        6.2         0        0
     355      328       21        6       18    1.571     13.1     3293     2939      188        0       88       83       10          0      230        9        4      74.1         348/4/3    1.571       350         1       13       10      365.9       14.3     34.1       27.2         0        0
     200       20      144       36        9    1.798     29.0     2051     1593      559        1       41       52        9          0      302       16        0      41.0        1/10/189    1.798       164         1       16       12      128.2       13.7     24.5       42.2         0        0
    1391     1381        6        4       18    2.101     39.1     2074      899       44        0       65       62        7          0      265       11        0      29.3       2/24/1365    2.101         5         1       15        7      188.5       11.5     23.6       66.6         0        0
     105       98        1        6        7    1.028     92.6      197      370       47        0       26       42        6          0      510       19        0      83.8          0/96/9    1.028        98         1       15        8       10.4        9.2     32.4       95.5         0        0
      70       63        2        5       11    1.846     91.8      128      329       30        1       25       34        8          0      510       16        0      55.7         15/3/52    1.846         0         1        8        8        8.0       11.7     64.3       94.4         0        0
     756      729       18        9       10    1.618     33.7     2142     1496      125        0       36       38       12          0      315        8        6      32.7        8/15/733    1.618       754         1       16       13      267.8       12.7     28.4       56.9         0        0
     522      511        0       11        5    0.528      8.5     5838     4811      599        0       27       34       16          0      211        8        4      86.2        11/1/510    0.528        12         1        9        8      729.8        9.0     37.4        4.2         0     3789
     377      365        7        5       19    2.402     79.4      607      450       64        0       38       37        7          0      419       14        0      23.9       68/13/296    2.402       301         1       13       11       43.4       10.3     43.2       87.4         0        0
     371      355        8        8       11    1.584     14.1     2485     2223      119        1       50       55       16          0      292       12        5      48.5       33/271/67    1.584       266         1       18        4      207.1       17.1     42.6       26.7         0        0
      30       21        1        8       10    1.654     97.4      179      378       88        1       32       44        9          0      514       18        0      23.3         4/16/10    1.654        24         1       16        7        9.9       10.2     96.7       97.1         0        0
     229      210       12        7       14    2.030     81.9      421      439       64        0       29       38        4          0      449       19        7      40.6        54/166/9    2.030        28         1       14        9       22.2        8.6     46.7       87.8         0        0
      33       25        1        7        9    1.975     98.2       37      352       58        0       22       46        5          0      521       29        0      24.2         11/13/9    1.975        10         1       16       14        1.3       10.2     78.8       98.3         0        0
     508      478       23        7       27    2.935     55.4      912      635       36        0       55       44        7          0      377       12        0      26.6         0/1/507    2.935       471         1       16        4       76.0       11.1     30.9       70.5         0        0
     115       32       73       10        6    2.097     83.0      245      378       60        0       52       67        7          0      476       17        0      51.3         0/17/98    2.097         2         1       18       12       14.4       10.4     34.8       88.7         0        0
     507      497        1        9        7    0.786     26.5     3065     2711       52        0       29       32       14          0      280        6        6      72.0        4/425/78    0.786        88         1       13        9      510.8        8.9     61.3       38.0         0        0
     276      266        3        7       17    2.430     86.5      553      519       43        0       60       61        8          0      457       14        0      44.6        23/244/9    2.430        29         1       22       10       39.5       13.8     49.3       92.2         0        0
     265      257        2        6       28    2.619     83.9      383      380        8        0       36       24        6          0      459       12        0      28.3      20/122/123    2.619         3         1       14       10       31.9        9.9     37.4       91.0         0        0
     199      190        4        5        8    1.803     18.6     2690     2569      164        0       67       73       15          0      296       10        3      51.8        1/10/188    1.803        85         1       10       16      269.0       11.0     34.2       24.1         0        0
     703      691        8        4       50    3.280     33.3     1311      839       35        0      108       75        6          0      359       13        0      23.9       10/681/12    3.280       136         1       10        8      100.8        9.0     28.4       62.4         0        0
      40       30        2        8       12    2.087     96.9       76      339       62        1       23       39        4          0      518       24        0      40.0        10/16/14    2.087         7         1       13       12        3.2       10.5     80.0       97.7         0        0
     704      694        1        9       21    2.317     21.7     2099     1620       34        0       74       69       10          0      309       12        4      29.4        3/14/687    2.317       189         1       16        9      174.9       14.7     45.6       48.3         0        0
     270      139      123        8       12    2.008     76.9      659      632       58        1       37       45       11          0      431       16        3      39.3       52/149/69    2.008       147         1       16        7       41.2       12.3     43.7       83.6         0        0
     143      132        7        4        6    0.846     90.8      238      389       40        0       15       33        8          0      492       20        0      91.6         3/9/131    0.846       133         1       12       13       11.9        7.6     12.6       94.8         0        0
     106       99        2        5       10    1.830     34.9     3547     3630       56        0       34       37       10          0      284        9        0      34.0         38/68/0    1.830         3         1       16        7      394.1       14.1     50.9       27.7         0        0
     163      158        0        5       17    1.078     37.7     1325     1315       86        0       29       28       13          0      394       12        8      58.9        122/7/34    1.078        35         1       15        8      110.4       10.9     49.1       57.5         0        0
     154      142        4        8        6    0.608     29.5     4548     4203      401        0       41       55       18          0      261       16       13      86.4         154/0/0    0.608       144         1       17       13      284.3       12.7     33.8       16.4         0       78
     152      136       11        5        7    0.926     90.6      340      412       70        0       17       29        8          0      481       15        0      78.9        0/113/39    0.926       122         1       16        7       22.7        8.0     16.4       92.9         0        0
---
mean pop 356.6  mean H 1.649  mean plants% 54.7  mean splits 44.5  mean gen 9.9  mean tps 352  survived: 40/40
mean immig 14.4  mean plagues 2.4  mean maxShare% 52.4  mean avgH 1.649
mean born/immig 160.48  mean deathAge% 10.9  mean edge% 40.5  mean plantsAvg% 63.8  mean refused 96.7  seeds with 0 refused: 38/40
